center:(2,2),2-2:[(2,2), (2,3), (3,2), (3,3)]
column1:(1,1),4-1:[(1,1), (2,1), (3,1), (4,1)]
column2:(1,2),4-1:[(1,2), (2,2), (3,2), (4,2)]
column3:(1,3),4-1:[(1,3), (2,3), (3,3), (4,3)]
column4:(1,4),4-1:[(1,4), (2,4), (3,4), (4,4)]
row1:(1,1),1-4:[(1,1), (1,2), (1,3), (1,4)]
row2:(2,1),1-4:[(2,1), (2,2), (2,3), (2,4)]
row3:(3,1),1-4:[(3,1), (3,2), (3,3), (3,4)]
row4:(4,1),1-4:[(4,1), (4,2), (4,3), (4,4)]
all:(1,1),4-4:[(1,1), (1,2), (1,3), (1,4), (2,1), (2,2), (2,3), (2,4), (3,1), (3,2), (3,3), (3,4), (4,1), (4,2), (4,3), (4,4)]
